printf "**************************************************************
\e[49m                                         \e[m * \033[1mW\033[0meak \033[1mI\033[0mnteraction 
\e[49m                                         \e[m * \033[1mS\033[0mudies \033[1mAr\033[0m32 \033[1mD\033[0mecay
\e[49m             \e[38;2;0;0;0;49m▄\e[48;2;0;0;0m     \e[38;2;0;0;0;49m▄\e[49m                     \e[m *  
\e[49m              \e[49;38;2;0;0;0m▀▀\e[48;2;0;0;0m     \e[38;2;0;0;0;49m▄\e[49m                   \e[m *
\e[49m                \e[49;38;2;0;0;0m▀\e[38;2;5;5;5;48;2;0;0;0m▄\e[48;2;0;0;0m   \e[38;2;1;1;1;48;2;0;0;0m▄\e[38;2;142;142;142;49m▄\e[49m       \e[38;2;175;40;199;49m▄\e[38;2;164;62;208;49m▄\e[38;2;197;68;199;48;2;169;28;197m▄\e[38;2;173;36;197;48;2;142;14;198m▄\e[49m       \e[m * 
\e[49m            \e[38;2;0;0;0;49m▄\e[38;2;33;33;33;49m▄\e[38;2;198;198;198;48;2;34;34;34m▄\e[38;2;71;71;71;48;2;0;0;0m▄\e[48;2;4;4;4m \e[38;2;18;18;18;48;2;19;19;19m▄\e[48;2;0;0;0m    \e[38;2;28;28;28;48;2;35;35;35m▄\e[38;2;8;8;8;48;2;0;0;0m▄\e[48;2;0;0;0m \e[38;2;0;0;0;49m▄\e[49m   \e[38;2;156;27;198;49m▄\e[38;2;231;181;233;48;2;182;53;199m▄\e[38;2;214;146;224;48;2;178;47;197m▄\e[38;2;173;39;194;48;2;200;80;202m▄\e[38;2;203;140;227;48;2;188;65;201m▄\e[38;2;187;107;223;49m▄\e[49m      \e[m * \033[1mAuthor\033[0m :
\e[49m          \e[38;2;60;60;60;49m▄\e[38;2;56;56;56;48;2;162;162;162m▄\e[38;2;176;176;176;48;2;49;49;49m▄\e[38;2;140;140;140;48;2;124;124;124m▄\e[38;2;29;29;29;48;2;159;159;159m▄\e[49;38;2;113;113;113m▀\e[49;38;2;0;0;0m▀\e[38;2;0;0;0;48;2;4;4;4m▄\e[48;2;0;0;0m     \e[38;2;0;0;0;48;2;39;39;39m▄\e[48;2;0;0;0m    \e[38;2;4;0;4;49m▄\e[38;2;236;190;236;48;2;208;118;216m▄\e[38;2;224;167;229;48;2;226;177;233m▄\e[38;2;237;207;241;48;2;245;226;247m▄\e[38;2;198;120;219;48;2;171;51;199m▄\e[38;2;231;203;242;48;2;239;220;246m▄\e[38;2;171;76;213;48;2;169;66;209m▄\e[49m      \e[m * Lecanuet Samuel
\e[49m        \e[38;2;21;21;21;49m▄\e[38;2;206;206;206;48;2;45;45;45m▄\e[38;2;91;91;91;48;2;128;128;128m▄\e[38;2;130;130;130;48;2;132;132;132m▄\e[49;38;2;94;94;94m▀\e[49m   \e[38;2;0;0;0;49m▄\e[48;2;0;0;0m        \e[49m \e[49;38;2;0;0;0m▀\e[48;2;0;0;0m \e[38;2;0;0;0;48;2;7;1;7m▄\e[38;2;54;11;80;48;2;143;27;163m▄\e[38;2;156;79;214;48;2;160;73;210m▄\e[38;2;165;92;218;48;2;170;81;211m▄\e[38;2;159;77;215;48;2;156;45;202m▄\e[38;2;136;8;195;48;2;152;32;201m▄\e[49m       \e[m *
\e[49m       \e[38;2;8;8;8;49m▄\e[38;2;167;167;167;48;2;35;35;35m▄\e[38;2;210;210;210;48;2;143;143;143m▄\e[38;2;85;85;85;48;2;54;54;54m▄\e[38;2;0;0;0;49m▄▄▄\e[48;2;0;0;0m             \e[38;2;0;0;0;49m▄\e[38;2;93;93;93;48;2;0;0;0m▄\e[38;2;69;46;83;48;2;71;56;78m▄\e[38;2;37;17;50;48;2;123;31;192m▄\e[38;2;220;220;220;48;2;90;16;137m▄\e[49;38;2;146;18;200m▀\e[49m        \e[m * \033[1mInstitute :\033[0m
\e[49m       \e[48;2;0;0;0m  \e[38;2;0;0;0;48;2;4;4;4m▄\e[38;2;0;0;0;49m▄\e[48;2;0;0;0m       \e[38;2;29;29;29;48;2;0;0;0m▄\e[38;2;70;70;70;48;2;0;0;0m▄\e[38;2;146;146;146;48;2;0;0;0m▄\e[38;2;182;182;182;48;2;0;0;0m▄\e[38;2;150;150;150;48;2;0;0;0m▄\e[38;2;29;29;29;48;2;0;0;0m▄\e[38;2;1;1;1;48;2;0;0;0m▄\e[48;2;0;0;0m   \e[38;2;0;0;0;48;2;2;2;2m▄\e[38;2;70;70;70;48;2;98;98;98m▄\e[38;2;45;45;45;48;2;37;37;37m▄\e[38;2;0;0;0;48;2;36;36;36m▄\e[49m         \e[m * LP2ib
\e[49m       \e[48;2;0;0;0m  \e[49;38;2;0;0;0m▀▀\e[48;2;0;0;0m     \e[38;2;99;99;99;48;2;0;0;0m▄\e[38;2;130;130;130;48;2;69;69;69m▄\e[38;2;244;244;244;48;2;247;247;247m▄\e[48;2;255;255;255m    \e[38;2;138;138;138;48;2;149;149;149m▄\e[38;2;62;62;62;48;2;12;12;12m▄\e[48;2;0;0;0m   \e[38;2;83;83;83;48;2;0;0;0m▄\e[38;2;34;34;34;48;2;69;69;69m▄\e[38;2;84;84;84;48;2;81;81;81m▄\e[48;2;0;0;0m \e[49m         \e[m *
\e[49m       \e[48;2;0;0;0m  \e[38;2;0;0;0;49m▄\e[49m   \e[49;38;2;0;0;0m▀▀\e[38;2;190;190;190;48;2;70;70;70m▄\e[38;2;248;248;248;48;2;236;236;236m▄\e[38;2;203;203;203;48;2;173;173;173m▄\e[38;2;107;107;107;48;2;187;187;187m▄\e[38;2;196;196;196;48;2;252;252;252m▄\e[38;2;164;164;164;48;2;197;197;197m▄\e[38;2;159;159;159;48;2;156;156;156m▄\e[38;2;159;159;159;48;2;225;225;225m▄\e[38;2;71;71;71;48;2;114;114;114m▄\e[48;2;90;90;90m \e[48;2;0;0;0m \e[49;38;2;0;0;0m▀\e[49;38;2;2;2;2m▀\e[38;2;39;39;39;48;2;101;101;101m▄\e[38;2;70;70;70;48;2;47;47;47m▄\e[38;2;0;0;0;48;2;28;28;28m▄\e[48;2;0;0;0m \e[49m         \e[m * \033[1mGithub :\033[0m
\e[49m       \e[48;2;0;0;0m   \e[49m    \e[38;2;80;80;80;48;2;225;225;225m▄\e[38;2;0;0;0;48;2;30;30;30m▄\e[38;2;145;145;145;48;2;238;238;238m▄\e[38;2;221;221;221;48;2;216;216;216m▄\e[38;2;183;183;183;48;2;99;99;99m▄\e[38;2;181;181;181;48;2;80;80;80m▄\e[38;2;228;228;228;48;2;133;133;133m▄\e[38;2;182;182;182;48;2;111;111;111m▄\e[38;2;191;191;191;48;2;83;83;83m▄\e[38;2;102;102;102;48;2;142;142;142m▄\e[38;2;108;107;109;48;2;46;46;46m▄\e[48;2;0;0;0m \e[38;2;0;0;0;49m▄\e[38;2;212;212;212;48;2;146;146;146m▄\e[38;2;10;10;10;48;2;23;23;23m▄\e[38;2;62;62;62;48;2;63;63;63m▄\e[38;2;1;1;1;48;2;0;0;0m▄\e[49;38;2;0;0;0m▀\e[49m         \e[m * samuelecanuet
\e[49m       \e[49;38;2;0;0;0m▀\e[48;2;0;0;0m  \e[38;2;7;7;7;48;2;0;0;0m▄\e[38;2;108;108;108;48;2;255;255;255m▄\e[38;2;10;10;10;48;2;239;239;239m▄\e[38;2;0;0;0;48;2;96;96;96m▄\e[38;2;0;0;0;48;2;8;8;8m▄\e[48;2;0;0;0m \e[38;2;3;3;3;48;2;29;29;29m▄\e[38;2;87;87;87;48;2;183;183;183m▄\e[38;2;141;141;141;48;2;161;161;161m▄\e[38;2;245;245;245;48;2;230;230;230m▄\e[38;2;118;118;118;48;2;197;197;197m▄\e[38;2;191;191;191;48;2;185;185;185m▄\e[38;2;141;141;141;48;2;198;198;198m▄\e[38;2;224;224;224;48;2;115;115;115m▄\e[38;2;51;51;51;48;2;103;102;103m▄\e[38;2;28;28;30;48;2;0;0;0m▄\e[38;2;82;80;87;48;2;0;0;0m▄\e[38;2;177;176;180;48;2;128;128;128m▄\e[38;2;231;230;231;48;2;23;23;23m▄\e[38;2;94;94;95;48;2;98;98;98m▄\e[38;2;0;0;0;48;2;83;83;83m▄\e[48;2;0;0;0m \e[38;2;0;0;0;49m▄\e[49m        \e[m *
\e[49m        \e[49;38;2;0;0;0m▀\e[48;2;0;0;0m        \e[38;2;0;0;0;48;2;2;2;2m▄\e[38;2;39;39;39;48;2;131;131;131m▄\e[38;2;177;177;177;48;2;212;212;212m▄\e[38;2;220;220;220;48;2;105;105;105m▄\e[38;2;211;211;211;48;2;206;206;206m▄\e[38;2;161;161;161;48;2;152;152;152m▄\e[38;2;153;152;153;48;2;233;233;233m▄\e[38;2;0;0;0;48;2;17;17;17m▄\e[38;2;120;118;123;48;2;116;115;118m▄\e[38;2;123;122;128;48;2;146;144;150m▄\e[38;2;170;169;174;48;2;231;230;231m▄\e[38;2;179;178;182;48;2;249;249;250m▄\e[38;2;35;35;38;48;2;173;172;175m▄\e[38;2;0;0;0;48;2;1;1;2m▄\e[48;2;0;0;0m \e[49;38;2;0;0;0m▀\e[49m        \e[m *
\e[49m          \e[49;38;2;0;0;0m▀\e[48;2;0;0;0m        \e[38;2;15;15;15;48;2;125;125;125m▄\e[38;2;148;148;148;48;2;145;145;145m▄\e[38;2;35;35;35;48;2;129;129;129m▄\e[38;2;86;85;86;48;2;173;173;173m▄\e[38;2;0;0;0;48;2;11;11;11m▄\e[48;2;0;0;0m \e[38;2;0;0;0;48;2;0;0;1m▄\e[38;2;76;76;76;48;2;76;75;77m▄\e[38;2;13;13;13;48;2;85;85;86m▄\e[38;2;47;47;47;48;2;81;79;83m▄\e[49;38;2;0;0;1m▀\e[49;38;2;0;0;0m▀\e[49m          \e[m *
\e[49m            \e[49;38;2;0;0;0m▀▀\e[48;2;0;0;0m       \e[38;2;0;0;0;48;2;3;3;3m▄\e[38;2;0;0;0;48;2;1;1;1m▄\e[48;2;0;0;0m \e[49;38;2;0;0;0m▀\e[38;2;106;106;106;48;2;13;13;13m▄\e[38;2;23;23;23;48;2;65;65;65m▄\e[49;38;2;50;50;50m▀\e[49m             \e[m *
\e[49m                 \e[49;38;2;0;0;0m▀▀▀▀\e[49m                    \e[m *
\e[49m                                         \e[m *
\e[49m                                         \e[m *
**************************************************************
";

